9 22
4 11 1845052723
213092068 1297533091 -1674895708 142907277 1752597878 1576940778 -966027979 -858473665 537403552 1369328392 170079508 586742548 251548659 239338317 142799182 917652326 -1626077232 1535664604 228486565 1311304539 783694215 1105749654 
1449633886 -1485521983 -891618524 559500960 1804101658 2013451000 -515401657 -421526970 746077321 806938671 879838701 922319573 685128638 2003933358 1771370237 1929024193 -1369365051 1813237780 406987657 1881539156 1082282434 1629367361 
1583316307 220219342 -166591794 443675542 1838762683 -1648306113 -234017542 332106101 2011393720 1743761177 -2073966650 1436359559 1149012048 -1444838814 -1504687885 -447107806 868667402 1100060524 -1783113824 -2139725440 2113669151 -1081175949 
1663204032 1958926091 237109233 460742523 1172733666 -1561948644 242659081 2073470586 -1780714654 -575504848 -550527487 669551391 1447927143 -1283226179 -1268692992 1354214246 2029009962 1204956879 -1299699216 -486587758 -736494238 100031574 
332879280 -942724551 -704238579 1722531856 1987351031 -2029587001 2012788179 -1396287342 -295688282 632982955 1279534491 -1791498034 -1687088431 63240471 665533562 -1779543049 -183931065 -2085117639 -583412757 620416933 -560771202 203808153 
1514724621 839139947 2042121381 -2117190438 -2059649930 -1975857648 -1931548258 -1904335059 -688132197 910689636 -1791532336 -453766873 -1331772089 -675677246 1414836750 -767504644 -135510894 779531894 -1874263422 -992143659 143034445 360289171 
1562262009 -1840983451 -1800135800 -1240534071 -1235163278 -254548352 -1497733664 -1776353276 -1506976175 38023499 1168423387 -1370924346 -740065686 -293984116 336701062 -529063163 1344665615 2039886692 -1803726071 -495806287 -462937938 224094034 
-1238869725 -174930539 -1546887067 166487075 1877158712 1974221112 -2040032077 -215921822 -1431979781 673944883 1290320982 1982265330 -1219897449 -1082102375 1896997399 -1817186524 1442903283 -1401793302 -12487668 1533215731 970860502 1026642467 
529165128 1444245033 -694983675 1010399846 -1612911587 -2036000271 -1933704658 -1834403292 -888085790 1267533965 1369976285 -1709403498 -1554529389 -1484947842 2079555039 -1002176452 -738244508 -696677971 488704881 753754166 900870651 1083511372 
