85
139 27
3457 864
4409 489
9898 3299
6970 774
1521 190
778 259
9904 1100
2281 207
5526 502
1840 204
8805 978
5969 1193
1826 202
8934 2978
4809 801
9123 912
3997 999
906 151
4204 467
3992 665
2452 222
8024 802
2545 424
4276 855
9214 921
719 59
9234 923
1562 142
8886 987
9269 1029
2270 378
4664 583
4627 1542
6511 542
6147 1536
905 301
5270 1756
3658 522
5584 797
2237 186
6752 750
5519 788
2346 469
3396 849
279 46
1278 426
3759 751
5166 574
4213 383
3566 324
8530 1706
5309 442
6103 610
7966 796
9603 1600
9187 1531
2212 276
8691 869
4490 561
2141 214
1101 91
3668 305
8414 1051
9596 1199
3214 535
9336 1333
336 37
1894 157
6314 2104
827 82
9116 1519
8622 862
1071 178
2237 186
5749 522
6679 607
498 55
8060 2686
1884 235
7888 876
3521 704
9543 954
4571 415
2997 428
